105365 Ron4onBed 2017-05-17 08:54:53 32 1024 528 24 0 -256 0
105364 Ron4onBed 2017-05-17 08:54:50 0 1024 512 25 2 -192 0
105363 Ron4onBed 2017-05-17 08:54:47 0 1024 516 24 0 -192 0
105362 Ron4onBed 2017-05-17 08:54:44 0 1024 512 24 32 -192 1
105361 Ron4onBed 2017-05-17 08:54:41 0 1024 516 24 0 -256 1
105360 Ron4onBed 2017-05-17 08:54:38 0 1024 512 25 16 -224 0
105359 Ron4onBed 2017-05-17 08:54:35 0 1024 16 24 0 0 0
105358 Ron4onBed 2017-05-17 08:54:32 0 1024 0 24 0 -256 0
105357 Ron4onBed 2017-05-17 08:54:29 128 1024 128 24 0 -192 0
105356 Ron4onBed 2017-05-17 08:54:25 4 1024 512 25 0 -256 0
105355 Ron4onBed 2017-05-17 08:54:22 0 1280 512 24 0 -192 0
105354 Ron4onBed 2017-05-17 08:54:19 36 1024 256 24 3 -224 8
105353 Ron4onBed 2017-05-17 08:54:16 64 1024 0 24 4 0 0
105352 Ron4onBed 2017-05-17 08:54:13 0 1088 256 25 32 16 16
105351 Ron4onBed 2017-05-17 08:54:10 16 1024 0 24 0 0 0
105350 Ron4onBed 2017-05-17 08:54:07 32 1024 256 24 64 0 0
105349 Ron4onBed 2017-05-17 08:54:04 4 1028 0 24 0 64 0
105348 Ron4onBed 2017-05-17 08:54:01 8 1160 4 24 36 0 0
105347 Ron4onBed 2017-05-17 08:53:58 4 1028 512 24 0 -256 16
105346 Ron4onBed 2017-05-17 08:53:55 0 1288 256 24 4 -256 0
105345 Ron4onBed 2017-05-17 08:53:51 0 1040 256 24 8 0 0
105344 Ron4onBed 2017-05-17 08:53:48 0 1024 640 25 0 1 8
105343 Ron4onBed 2017-05-17 08:53:45 16 1024 288 24 0 8 0
105342 Ron4onBed 2017-05-17 08:53:42 0 1056 0 24 0 0 0
105341 Ron4onBed 2017-05-17 08:53:39 64 0 512 24 4 0 0
105340 Ron4onBed 2017-05-17 08:53:36 0 256 512 24 32 -255 128
105339 Ron4onBed 2017-05-17 08:53:33 8 0 512 24 0 -192 0
105338 Ron4onBed 2017-05-17 08:53:30 0 1024 32 24 0 -256 1
105337 Ron4onBed 2017-05-17 08:53:27 0 0 512 24 0 -192 129
105336 Ron4onBed 2017-05-17 08:53:24 64 0 516 24 0 -224 136
105335 Ron4onBed 2017-05-17 08:53:20 0 0 512 24 0 -256 192
105334 Ron4onBed 2017-05-17 08:53:17 0 128 536 25 0 -256 0
105333 Ron4onBed 2017-05-17 08:53:14 64 0 512 25 0 -220 0
105332 Ron4onBed 2017-05-17 08:53:11 16 8 0 25 3 -256 0
105331 Ron4onBed 2017-05-17 08:53:08 0 1032 512 24 0 -256 0
105330 Ron4onBed 2017-05-17 08:53:05 0 32 516 24 1 -256 4
105329 Ron4onBed 2017-05-17 08:53:02 64 0 516 24 0 -192 128
105328 Ron4onBed 2017-05-17 08:52:59 0 0 512 24 2 -256 16
105327 Ron4onBed 2017-05-17 08:52:56 0 0 512 24 0 -224 0
105326 Ron4onBed 2017-05-17 08:52:53 0 0 512 24 8 -192 160
105325 Ron4onBed 2017-05-17 08:52:49 0 8 256 24 0 -256 8
105324 Ron4onBed 2017-05-17 08:52:46 0 1024 256 24 4 -256 0
105323 Ron4onBed 2017-05-17 08:52:43 64 256 512 24 0 -256 0
105322 Ron4onBed 2017-05-17 08:52:40 0 0 528 24 0 -192 5
105321 Ron4onBed 2017-05-17 08:52:37 32 0 576 24 0 -174 16
105320 Ron4onBed 2017-05-17 08:52:34 16 0 516 24 0 -224 0
105319 Ron4onBed 2017-05-17 08:52:31 0 1060 512 24 0 -224 32
105318 Ron4onBed 2017-05-17 08:52:28 0 32 512 24 2 -256 0
105317 Ron4onBed 2017-05-17 08:52:24 0 128 512 24 2 -190 0
105316 Ron4onBed 2017-05-17 08:52:21 0 4 0 25 0 -192 2
105315 Ron4onBed 2017-05-17 08:52:18 0 256 512 24 0 -256 0
105314 Ron4onBed 2017-05-17 08:52:15 0 1024 512 24 0 -184 0
105313 Ron4onBed 2017-05-17 08:52:12 0 256 520 24 0 -240 0
105312 Ron4onBed 2017-05-17 08:52:09 0 64 4 24 0 -192 0
105311 Ron4onBed 2017-05-17 08:52:06 32 1040 0 24 16 -256 0
105310 Ron4onBed 2017-05-17 08:52:03 0 144 256 24 0 -255 0
105309 Ron4onBed 2017-05-17 08:51:59 0 0 0 24 2 -255 0
105308 Ron4onBed 2017-05-17 08:51:56 0 1024 544 25 2 -239 0
105307 Ron4onBed 2017-05-17 08:51:53 256 256 0 24 0 -192 0
105306 Ron4onBed 2017-05-17 08:51:50 68 0 512 24 2 -256 0
105305 Ron4onBed 2017-05-17 08:51:47 64 0 512 24 16 -191 0
105304 Ron4onBed 2017-05-17 08:51:44 0 0 516 24 0 -256 0
105303 Ron4onBed 2017-05-17 08:51:41 128 64 0 24 0 -256 0
105302 Ron4onBed 2017-05-17 08:51:38 0 320 0 25 0 0 8
105301 Ron4onBed 2017-05-17 08:51:35 0 0 512 25 0 -240 8
105300 Ron4onBed 2017-05-17 08:51:32 0 0 32 24 0 0 32
105299 Ron4onBed 2017-05-17 08:51:29 0 1024 528 25 2 -256 0
105298 Ron4onBed 2017-05-17 08:51:25 128 256 512 24 0 -256 0
105297 Ron4onBed 2017-05-17 08:51:22 0 0 0 24 64 -256 132
105296 Ron4onBed 2017-05-17 08:51:19 0 0 512 24 0 -256 4
105295 Ron4onBed 2017-05-17 08:51:16 128 0 512 24 0 -254 17
105294 Ron4onBed 2017-05-17 08:51:13 0 0 32 24 0 -192 128
105293 Ron4onBed 2017-05-17 08:51:10 32 16 512 24 0 -256 0
105292 Ron4onBed 2017-05-17 08:51:07 0 0 552 24 4 -224 12
105291 Ron4onBed 2017-05-17 08:51:04 64 144 0 24 64 -256 4
105290 Ron4onBed 2017-05-17 08:51:00 64 0 0 24 0 -252 0
105289 Ron4onBed 2017-05-17 08:50:57 128 64 512 24 0 -256 0
105288 Ron4onBed 2017-05-17 08:50:54 0 16 512 24 0 -192 0
105287 Ron4onBed 2017-05-17 08:50:51 0 0 512 24 0 -224 128
105286 Ron4onBed 2017-05-17 08:50:47 8 272 256 25 16 -256 0
105285 Ron4onBed 2017-05-17 08:50:44 64 16 512 24 0 -254 17
105284 Ron4onBed 2017-05-17 08:50:41 0 256 0 24 0 -224 0
105283 Ron4onBed 2017-05-17 08:50:38 0 0 512 24 0 -224 0
105282 Ron4onBed 2017-05-17 08:50:35 8 0 512 24 0 -256 2
105281 Ron4onBed 2017-05-17 08:50:32 0 0 0 25 0 -256 0
105280 Ron4onBed 2017-05-17 08:50:29 0 0 512 24 0 -256 144
105279 Ron4onBed 2017-05-17 08:50:26 12 128 512 24 0 -256 1
105278 Ron4onBed 2017-05-17 08:50:23 0 128 256 24 0 -192 0
105277 Ron4onBed 2017-05-17 08:50:19 0 0 512 24 0 -248 0
105276 Ron4onBed 2017-05-17 08:50:16 4 128 256 24 4 -256 0
105275 Ron4onBed 2017-05-17 08:50:13 0 0 516 24 21 -192 0
105274 Ron4onBed 2017-05-17 08:50:10 0 0 536 24 2 -256 128
105273 Ron4onBed 2017-05-17 08:50:07 0 128 512 24 1 -192 0
105272 Ron4onBed 2017-05-17 08:50:04 0 0 4 24 0 -256 128
105271 Ron4onBed 2017-05-17 08:50:01 0 0 512 24 0 -224 144
105270 Ron4onBed 2017-05-17 08:49:58 0 16 512 25 0 -252 128
105269 Ron4onBed 2017-05-17 08:49:55 64 256 516 24 0 -192 17
105268 Ron4onBed 2017-05-17 08:49:52 0 0 512 24 32 -190 0
105267 Ron4onBed 2017-05-17 08:49:48 0 132 512 24 0 -231 0
105266 Ron4onBed 2017-05-17 08:49:45 0 0 0 24 2 -256 2
